283   7324
-283   7385
-283   7445
-283   7507
-283   7567
-283   7628
-283   7688
-283   7748
-283   7809
-283   7869
-283   7930
-283   7990
-283   8050
-283   8111
-283   8172
-283   8233
-283   8293
-283   8354
-284   8414
-289   8474
-298   8535
-314   8595
-323   8656
-334   8716
-343   8778
-358   8838
-365   8898
-372   8959
-384   9019
-395   9080
-403   9140
-411   9200
-423   9261
-439   9321
-447   9383
-452   9443
-466   9504
-483   9564
-488   9624
-490   9685
-497   9745
-501   9806
-502   9866
-502   9926
-502   9987
-502   10048
-502   10109
-502   10169
-502   10230
